rent = 1000
rate = 0.1

debt = (1+rate)^2 * 1000
